City,Lat,Lng,Max Temp,Humidity,Cloudiness,Wind Speed,Country,Date
Kavieng,-2.57,150.8,85.84,66,1,9.06,PG,1595215254
Khatanga,71.97,102.5,52.36,72,100,3.76,RU,1595215254
Busselton,-33.65,115.33,57.99,73,0,3.0,AU,1595215254
Goderich,43.75,-81.72,75.99,70,7,1.01,CA,1595215254
Karratha,-20.74,116.85,70.75,50,0,18.66,AU,1595215255
Asău,46.43,26.4,63.0,100,100,6.93,RO,1595215255
New Norfolk,-42.78,147.06,50.0,77,57,1.99,AU,1595215255
Port Lincoln,-34.73,135.87,56.46,54,59,8.43,AU,1595215255
Albany,42.6,-73.97,82.99,94,97,4.36,US,1595215255
Vaini,-21.2,-175.2,69.8,94,90,6.93,TO,1595215256
Port Keats,-14.25,129.55,83.61,37,17,7.58,AU,1595215256
Callaway,30.15,-85.57,82.0,88,1,4.38,US,1595215256
Coahuayana Viejo,18.73,-103.68,79.25,89,97,1.41,MX,1595215257
Lebu,-37.62,-73.65,51.19,87,0,13.22,CL,1595215257
Castro,-24.79,-50.01,54.81,90,0,3.62,BR,1595215257
Eureka,40.8,-124.16,57.0,100,31,3.78,US,1595215258
Serro,-18.6,-43.38,58.91,90,68,1.16,BR,1595215258
Mount Gambier,-37.83,140.77,51.8,71,90,14.99,AU,1595215258
Hasaki,35.73,140.83,87.01,78,75,5.82,JP,1595215258
Rikitea,-23.12,-134.97,68.88,59,2,11.63,PF,1595215259
Altamont,42.21,-121.74,87.8,16,1,19.46,US,1595214988
Butaritari,3.07,172.79,83.16,79,0,16.08,KI,1595215259
Mataura,-46.19,168.86,49.57,75,100,2.19,NZ,1595215149
Codrington,-38.27,141.97,52.79,73,67,14.58,AU,1595215259
Santa Maria,-29.68,-53.81,69.04,73,10,7.96,BR,1595215220
Ushuaia,-54.8,-68.3,26.6,92,0,9.17,AR,1595215260
Saint-Pierre,-21.34,55.48,60.8,72,75,9.17,RE,1595215260
Sing Buri,14.89,100.4,90.0,72,100,1.01,TH,1595215260
Bella Union,-30.28,-57.6,66.58,77,1,9.71,UY,1595215261
Rawson,-43.3,-65.1,45.64,82,100,12.17,AR,1595215261
Hobart,-42.88,147.33,50.0,61,75,18.34,AU,1595214984
Mar del Plata,-38.0,-57.56,52.0,100,90,13.87,AR,1595215261
Avarua,-21.21,-159.78,75.2,73,55,19.46,CK,1595215261
Barrow,71.29,-156.79,37.4,83,90,14.99,US,1595215261
Port Alfred,-33.59,26.89,62.53,31,0,7.99,ZA,1595215262
Fréjus,43.43,6.74,68.0,88,0,3.36,FR,1595215262
Yellowknife,62.46,-114.35,69.01,64,75,3.36,CA,1595215262
Ribeira Grande,38.52,-28.7,68.83,77,58,2.17,PT,1595215263
Qaanaaq,77.48,-69.36,45.45,75,99,1.77,GL,1595215263
Vaitape,-16.52,-151.75,77.76,82,69,21.99,PF,1595215263
Bambous Virieux,-20.34,57.76,69.8,60,75,17.22,MU,1595215263
Deputatsky,69.3,139.9,64.92,56,100,4.59,RU,1595215263
Carnarvon,-24.87,113.63,69.8,37,0,14.99,AU,1595215157
Saint Paul Harbor,57.79,-152.41,60.8,77,90,18.34,US,1595215264
Narrabri,-30.32,149.78,63.0,41,0,12.75,AU,1595215105
Muros,42.78,-9.06,66.0,80,3,8.01,ES,1595215264
Puerto Ayora,-0.74,-90.35,69.01,93,73,4.0,EC,1595215264
Ambilobe,-13.2,49.05,64.72,68,4,5.26,MG,1595215265
George Town,5.41,100.34,87.8,79,20,4.7,MY,1595215169
Kapaa,22.08,-159.32,80.6,83,90,13.87,US,1595215265
College,64.86,-147.8,73.4,49,75,5.82,US,1595215168
Khomutovo,52.47,104.4,64.4,48,18,4.47,RU,1595215265
Hithadhoo,-0.6,73.08,82.36,79,100,15.39,MV,1595215266
Esperance,-33.87,121.9,55.4,66,80,8.05,AU,1595215266
Bluff,-46.6,168.33,46.2,78,99,3.4,NZ,1595215189
Guaíra,-20.32,-48.31,62.89,58,0,6.31,BR,1595215266
Hay River,60.82,-115.8,60.8,87,75,14.99,CA,1595215266
Dunedin,-45.87,170.5,48.0,86,100,1.99,NZ,1595215267
Bokovskaya,49.23,41.83,64.27,79,0,5.3,RU,1595215267
Faanui,-16.48,-151.75,76.95,83,70,21.79,PF,1595215267
Itoman,26.12,127.67,89.01,74,40,10.29,JP,1595215267
Tasiilaq,65.61,-37.64,42.8,93,39,6.93,GL,1595215267
Pisco,-13.7,-76.22,60.01,87,20,2.24,PE,1595214981
Udachny,66.42,112.4,55.4,93,90,8.95,RU,1595215268
Talcahuano,-36.72,-73.12,55.4,93,75,12.75,CL,1595215268
San Cristobal,7.77,-72.22,65.64,90,68,3.71,VE,1595215269
Severo-Kuril'sk,50.68,156.12,53.83,79,68,13.8,RU,1595215269
Bredasdorp,-34.53,20.04,53.6,93,21,2.48,ZA,1595215269
Atuona,-9.8,-139.03,79.32,79,44,15.99,PF,1595215269
Atyashevo,54.56,46.07,56.53,91,0,6.98,RU,1595215270
Amapá,1.0,-52.0,70.57,97,68,1.86,BR,1595215270
Westport,41.14,-73.36,78.8,83,1,6.93,US,1595215270
Marsh Harbour,26.54,-77.06,83.05,79,1,16.46,BS,1595215270
Bontang,0.13,117.5,83.35,75,17,4.43,ID,1595215154
Clyde River,70.47,-68.59,41.0,93,1,4.7,CA,1595215271
Morón,-34.65,-58.62,61.0,100,100,1.12,AR,1595215204
Nelson Bay,-32.72,152.15,64.99,23,0,14.99,AU,1595215271
Cape Town,-33.93,18.42,57.0,93,0,5.82,ZA,1595215138
Beringovskiy,63.05,179.32,45.09,76,99,11.74,RU,1595215271
Mocuba,-16.84,36.99,59.95,98,11,2.84,MZ,1595215271
Vila Velha,-20.33,-40.29,68.0,94,75,3.36,BR,1595215272
Constitución,-35.33,-72.42,51.94,89,12,7.16,CL,1595215272
San Isidro,-12.12,-77.05,60.8,77,90,8.05,PE,1595215272
Bashtanka,47.41,32.44,66.2,68,1,6.71,UA,1595215272
Menongue,-14.66,17.69,41.76,76,0,2.93,AO,1595215273
Tapejara,-28.07,-52.01,60.04,91,10,3.27,BR,1595215273
Punta Arenas,-53.15,-70.92,33.8,80,96,8.05,CL,1595215273
Tiksi,71.69,128.87,64.18,51,41,6.06,RU,1595215274
Port-Gentil,-0.72,8.78,74.07,82,100,11.45,GA,1595215274
Mahébourg,-20.41,57.7,69.8,60,75,17.22,MU,1595215274
Fes,34.04,-5.0,77.0,47,3,6.93,MA,1595215274
Giohar,2.78,45.5,73.89,77,82,11.74,SO,1595215274
Ampanihy,-24.7,44.75,56.21,90,0,6.51,MG,1595215275
Saskylakh,71.92,114.08,62.67,51,60,11.1,RU,1595215275
Deniliquin,-35.53,144.97,55.42,54,0,10.74,AU,1595215275
Tuktoyaktuk,69.45,-133.04,48.2,70,75,4.7,CA,1595215275
Zavetnoye,47.12,43.89,75.45,43,69,13.53,RU,1595215275
Aras,42.56,-2.36,69.8,68,22,8.05,ES,1595215275
Gamba,-2.65,10.0,71.96,82,100,4.21,GA,1595215276
Alençon,48.43,0.08,60.8,82,100,8.05,FR,1595215276
Ketchikan,55.34,-131.65,59.0,87,90,9.17,US,1595215276
Hermanus,-34.42,19.23,55.0,92,10,4.0,ZA,1595215276
Teguise,29.06,-13.56,75.2,73,0,27.51,ES,1595215276
Wagar,16.15,36.2,81.12,61,88,18.01,SD,1595215277
Port Hardy,50.7,-127.42,66.2,63,20,18.34,CA,1595215277
Amuntai,-2.42,115.25,90.23,56,33,1.72,ID,1595215277
Iqaluit,63.75,-68.51,41.0,100,90,11.41,CA,1595215277
Slave Lake,55.28,-114.77,60.8,87,75,6.93,CA,1595215107
Torbay,47.67,-52.73,62.01,77,20,12.75,CA,1595215277
Hilo,19.73,-155.09,78.8,78,90,10.74,US,1595215198
Harper,4.38,-7.72,75.09,90,69,7.81,LR,1595215278
Sandwick,60.0,-1.25,50.0,87,66,6.93,GB,1595215278
Itarema,-2.92,-39.92,74.98,87,33,9.13,BR,1595215278
Krasnosel'kup,65.7,82.47,60.15,62,100,16.75,RU,1595215278
Los Llanos de Aridane,28.66,-17.92,77.0,88,0,19.46,ES,1595215279
Morondava,-20.28,44.28,65.43,58,0,12.15,MG,1595215279
Talnakh,69.49,88.4,55.4,62,39,15.66,RU,1595215279
Meïganga,6.52,14.3,64.47,98,100,1.28,CM,1595215279
Tutóia,-2.76,-42.27,76.73,87,52,9.24,BR,1595215279
Guerrero Negro,27.98,-114.06,69.37,82,0,13.24,MX,1595215010
Tokomaru,-40.47,175.5,62.01,77,64,1.99,NZ,1595215280
Helong,42.54,129.0,67.14,89,100,2.77,CN,1595215280
Ferme-Neuve,46.7,-75.45,71.92,93,31,9.91,CA,1595215280
Bantogon,6.53,124.03,82.69,70,92,3.85,PH,1595215280
Ostrovnoy,68.05,39.51,63.95,64,12,14.2,RU,1595215281
La Rioja,42.25,-2.5,69.8,68,0,8.05,ES,1595215281
Oxapampa,-10.58,-75.4,58.75,85,63,2.59,PE,1595215281
Nemuro,43.32,145.57,80.6,54,40,6.93,JP,1595215281
Saint George,37.1,-113.58,100.99,9,1,11.41,US,1595215203
Uttaradit,17.67,100.5,90.0,70,20,4.7,TH,1595215281
Gravdal,68.12,13.5,55.49,79,94,11.5,NO,1595215282
Upernavik,72.79,-56.15,48.96,55,21,7.34,GL,1595215282
Aksarka,66.56,67.8,57.25,60,19,7.23,RU,1595215282
Bethel,41.37,-73.41,78.01,83,75,5.44,US,1595215260
Kyren,51.68,102.14,64.8,51,38,3.47,RU,1595215283
Arraial do Cabo,-22.97,-42.03,70.43,86,0,22.55,BR,1595215283
Tomatlán,19.93,-105.25,77.67,89,34,2.48,MX,1595215283
Port Moresby,-9.44,147.18,82.4,78,75,18.34,PG,1595215043
Shingū,33.73,135.98,82.4,88,75,4.7,JP,1595215284
Kaitangata,-46.28,169.85,46.99,70,97,1.99,NZ,1595215284
Nikolskoye,59.7,30.79,64.0,87,75,4.47,RU,1595215284
Srednekolymsk,67.45,153.68,78.57,33,0,12.19,RU,1595215284
Hong Kong,22.29,114.16,90.0,79,100,4.0,HK,1595215285
Dingle,11.0,122.67,87.67,66,91,5.84,PH,1595215285
Altea,38.6,-0.05,75.99,64,49,1.81,ES,1595215285
Sinnamary,5.38,-52.95,78.21,83,94,7.54,GF,1595215285
Kutum,14.2,24.67,73.49,67,87,9.73,SD,1595215285
Havøysund,71.0,24.66,50.0,93,100,11.41,NO,1595215286
Touros,-5.2,-35.46,73.4,100,75,4.7,BR,1595215286
Mahajanga,-15.72,46.32,68.0,56,20,10.29,MG,1595215286
San Francisco,37.77,-122.42,63.0,72,20,17.22,US,1595215178
Rio Grande,-32.03,-52.1,64.72,86,37,7.47,BR,1595214999
Barpeta,26.32,91.0,84.2,100,90,7.31,IN,1595215286
San Quintín,30.48,-115.95,71.69,65,0,19.13,MX,1595215286
Sambava,-14.27,50.17,69.04,78,39,14.97,MG,1595215287
Aswān,24.09,32.91,84.33,22,31,8.93,EG,1595215287
Atotonilco el Alto,20.55,-102.52,62.04,81,29,1.52,MX,1595215287
Cabo San Lucas,22.89,-109.91,89.01,51,20,17.22,MX,1595215152
Saint-Philippe,-21.36,55.77,60.8,72,75,9.17,RE,1595215287
Price,39.6,-110.81,84.2,16,1,11.41,US,1595215287
San Jose,37.34,-121.89,70.0,68,75,12.75,US,1595215046
Vanavara,60.34,102.28,62.02,55,15,2.93,RU,1595215288
Leh,34.17,77.58,50.22,61,100,5.97,IN,1595215238
Kumul,42.8,93.45,95.31,12,30,11.1,CN,1595215288
Geraldton,-28.77,114.6,62.6,59,0,14.99,AU,1595215288
Fortuna,40.6,-124.16,55.99,100,90,8.05,US,1595215288
Puerto Ayacucho,5.66,-67.62,75.18,89,100,2.91,VE,1595215288
Chastyye,57.29,54.97,66.16,95,100,8.63,RU,1595215288
Ust-Tsilma,65.44,52.15,60.48,63,0,3.31,RU,1595215289
Karaton,-6.34,106.1,86.0,66,40,5.82,ID,1595215289
Chokurdakh,70.63,147.92,76.71,40,100,15.3,RU,1595215289
Manzanillo,20.34,-77.12,78.37,85,100,6.24,CU,1595215289
Astoria,46.19,-123.83,60.8,87,40,5.82,US,1595215289
Ixtapa,20.7,-105.2,84.2,79,75,3.36,MX,1595215289
Longyearbyen,78.22,15.64,44.6,87,75,11.41,SJ,1595215290
Luau,-10.71,22.22,48.83,69,0,3.65,AO,1595215290
Broken Hill,-31.95,141.43,55.4,47,0,13.87,AU,1595215290
Thompson,55.74,-97.86,69.8,56,75,2.24,CA,1595215290
Gornopravdinsk,60.05,69.9,60.87,72,41,10.2,RU,1595215291
Tarauacá,-8.16,-70.77,74.17,82,0,2.57,BR,1595215291
Baiyin,36.56,104.21,69.8,52,83,2.24,CN,1595215291
Abu Samrah,35.3,37.18,71.53,44,0,3.56,SY,1595215291
Jiuquan,39.74,98.52,85.53,13,86,4.63,CN,1595215291
Wanning,18.8,110.4,87.75,67,100,13.73,CN,1595215291
Klaksvík,62.23,-6.59,50.0,87,72,12.75,FO,1595215292
Ilulissat,69.22,-51.1,48.2,61,37,1.12,GL,1595215292
Bonavista,48.65,-53.11,58.96,74,6,8.28,CA,1595215292
East London,-33.02,27.91,48.2,87,0,5.82,ZA,1595215292
Vrangel',42.73,133.08,65.28,92,100,24.05,RU,1595215292
Corsicana,32.1,-96.47,84.2,70,1,6.93,US,1595214995
Husavik,66.04,-17.34,44.6,93,90,2.24,IS,1595215293
Vao,-22.67,167.48,69.4,68,3,14.36,NC,1595215293
Tromsø,69.65,18.96,53.6,93,93,2.24,NO,1595215294
Cam Ranh,11.92,109.16,89.6,75,20,8.05,VN,1595215294
Cap Malheureux,-19.98,57.61,69.01,63,81,5.99,MU,1595215294
Oyëk,52.59,104.46,64.4,48,4,4.47,RU,1595215294
Tatvan,38.51,42.28,57.2,76,0,2.24,TR,1595215295
Oakham,52.67,-0.73,51.8,81,12,8.05,GB,1595215295
Noumea,-22.28,166.46,75.2,50,20,10.29,NC,1595215198
Kuala Terengganu,5.33,103.14,87.8,74,20,3.36,MY,1595215295
Ambunti,-4.24,142.84,88.9,57,62,2.15,PG,1595215295
Praia,14.92,-23.51,78.8,78,75,10.29,CV,1595215295
St. George's,12.06,-61.75,82.4,78,20,18.34,GD,1595215296
Paamiut,61.99,-49.67,47.01,78,100,1.41,GL,1595215296
Port Elizabeth,-33.92,25.57,42.8,93,0,3.36,ZA,1595215296
Ovalle,-30.6,-71.2,55.62,84,3,1.28,CL,1595215296
Kruisfontein,-34.0,24.73,52.57,40,0,7.02,ZA,1595215296
Norrtälje,59.76,18.7,66.0,85,100,4.0,SE,1595215297
Belaya Gora,68.53,146.42,80.28,32,99,13.4,RU,1595215297
Sarakhs,36.54,61.16,78.8,29,0,14.72,IR,1595215297
Kargasok,59.06,80.86,67.84,81,30,12.77,RU,1595215298
Senneterre,48.38,-77.23,71.6,83,40,11.41,CA,1595215298
Zemio,5.03,25.14,67.78,96,100,1.12,CF,1595215298
Batagay,67.63,134.63,72.21,61,80,3.58,RU,1595215298
Ballina,-28.87,153.57,71.6,43,0,10.29,AU,1595215298
Sabla,12.75,4.71,78.42,70,26,9.42,NG,1595215298
Pevek,69.7,170.31,49.37,54,0,6.73,RU,1595215299
Belle Glade,26.68,-80.67,78.01,95,0,3.0,US,1595215299
Pahrump,36.21,-115.98,97.0,13,0,6.33,US,1595215299
Hamilton,39.18,-84.53,75.2,94,1,9.86,US,1595215300
Province of Mantua,45.17,10.78,68.0,77,0,1.01,IT,1595215300
Bandarbeyla,9.49,50.81,79.47,64,98,27.85,SO,1595215300
Ţaga,46.95,24.05,61.0,100,40,1.12,RO,1595215300
Lompoc,34.64,-120.46,64.4,72,0,12.75,US,1595215301
Zhangjiakou,40.81,114.88,79.18,38,3,3.8,CN,1595215301
Nynäshamn,58.9,17.95,66.0,52,73,8.52,SE,1595215301
Dukat,62.55,155.55,62.2,48,85,6.24,RU,1595215302
Salalah,17.02,54.09,78.8,100,90,6.93,OM,1595215302
Chokwé,-24.53,32.98,55.87,95,0,3.71,MZ,1595215302
Dikson,73.51,80.55,41.29,97,89,9.62,RU,1595215302
Micheweni,-4.97,39.83,75.52,73,30,15.19,TZ,1595215302
Tondano,1.3,124.91,86.0,66,40,8.05,ID,1595215302
Maningrida,-12.07,134.27,81.84,46,0,12.68,AU,1595215303
Vokhtoga,58.81,41.05,58.55,96,100,5.03,RU,1595215303
Vestmannaeyjar,63.44,-20.27,49.06,79,23,1.61,IS,1595215303
Poum,-20.23,164.02,71.51,72,37,18.88,NC,1595215269
Maţāy,28.42,30.78,72.95,71,0,14.85,EG,1595215303
Mount Isa,-20.73,139.5,75.2,14,76,12.75,AU,1595215304
Amahai,-3.33,128.92,81.09,77,37,6.44,ID,1595215304
Kincardine,56.07,-3.72,51.8,87,27,6.93,GB,1595215304
Vuktyl,63.86,57.31,59.09,59,0,7.58,RU,1595215305
Capitán Bado,-23.27,-55.53,66.04,62,0,10.83,PY,1595215305
Miramar,25.99,-80.23,84.2,78,75,12.75,US,1595215305
Clarksville,36.53,-87.36,82.4,83,1,3.87,US,1595215071
Avera,33.19,-82.53,82.4,74,1,4.7,US,1595215306
Thinadhoo,0.53,72.93,83.14,77,100,15.64,MV,1595215306
Airai,-8.93,125.41,73.4,38,19,2.84,TL,1595215306
Caucayá,-0.19,-74.78,71.85,96,99,0.51,CO,1595215306
Kastamonu Province,41.5,33.67,62.64,78,0,2.24,TR,1595215307
Örnsköldsvik,63.29,18.72,55.4,93,90,2.24,SE,1595215307
Dryden,49.78,-92.75,55.4,82,90,3.36,CA,1595215307
Qui Nhon,13.77,109.23,86.99,64,97,9.22,VN,1595215307
San Patricio,19.22,-104.7,82.4,83,75,6.93,MX,1595215308
Tuatapere,-46.13,167.68,47.91,92,100,5.7,NZ,1595215308
Jacqueville,5.21,-4.41,75.2,94,20,9.17,CI,1595215308
San Policarpo,12.18,125.51,86.23,67,55,6.76,PH,1595215308
Yulara,-25.24,130.99,53.6,81,90,14.99,AU,1595215308
Roald,62.58,6.13,51.8,87,59,9.17,NO,1595215309
Cham,47.18,8.46,61.0,82,0,2.95,CH,1595215309
Bantou,26.22,117.49,92.82,51,100,5.46,CN,1595215309
Arlit,18.74,7.39,85.15,46,0,4.88,NE,1595215309
Bairiki Village,1.33,172.98,87.8,58,20,11.41,KI,1595215309
Fukuechō,32.69,128.84,82.4,94,75,14.99,JP,1595215309
Londrina,-23.31,-51.16,57.6,85,0,2.86,BR,1595215241
Polovinnoye,54.79,65.99,77.41,65,20,3.96,RU,1595215310
Padang,-0.95,100.35,84.2,70,20,3.36,ID,1595215310
Nanortalik,60.14,-45.24,45.84,74,20,4.79,GL,1595215310
Constantine,36.37,6.61,64.4,82,0,4.7,DZ,1595215310
Minuri,16.54,121.86,89.1,55,93,1.61,PH,1595215310
Saldanha,-33.01,17.94,42.8,93,0,2.24,ZA,1595215310
Shenzhen,22.55,114.07,91.99,67,100,4.0,CN,1595214652
Brownsville,25.9,-97.5,82.4,78,1,5.82,US,1595215311
Anito,12.45,125.29,87.96,63,53,6.04,PH,1595215311
Jamestown,42.1,-79.24,70.0,88,20,10.29,US,1595215311
Lima,-12.04,-77.03,60.8,77,90,8.05,PE,1595215157
Kenora,49.82,-94.43,60.8,67,75,4.7,CA,1595215311
Alta Floresta,-9.88,-56.09,71.65,55,5,4.21,BR,1595215311
Chambas,22.19,-78.91,78.8,88,40,3.36,CU,1595215312
Neyvo-Shaytanskiy,57.73,61.25,64.65,87,99,8.95,RU,1595215312
Chissamba,-12.17,17.33,43.5,66,0,4.14,AO,1595215312
Cayenne,4.93,-52.33,75.2,100,99,7.0,GF,1595215312
Hambantota,6.12,81.12,78.8,100,90,5.82,LK,1595215312
Mitsamiouli,-11.38,43.28,76.1,67,0,13.2,KM,1595215313
Souillac,-20.52,57.52,69.8,60,75,17.22,MU,1595215313
Solnechnyy,50.72,136.63,81.77,56,98,4.9,RU,1595215313
Tautira,-17.73,-149.15,80.6,69,40,4.7,PF,1595215313
Cidreira,-30.18,-50.21,66.02,79,73,5.7,BR,1595215313
Bocaiúva,-17.11,-43.81,59.54,84,100,5.55,BR,1595215314
Nahavand,34.19,48.38,73.47,29,0,4.5,IR,1595215314
Riyadh,24.69,46.72,87.8,31,17,4.45,SA,1595215314
Grand Baie,-20.02,57.58,69.01,63,72,5.99,MU,1595215314
Juneau,58.3,-134.42,57.0,93,90,13.87,US,1595215315
Dolinsk,47.35,142.8,78.8,65,75,6.71,RU,1595215315
Salisbury,51.07,-1.8,51.8,87,0,4.7,GB,1595215315
Luganville,-15.53,167.17,78.8,61,75,8.05,VU,1595215315
Laranjeiras do Sul,-25.41,-52.42,56.57,96,39,3.91,BR,1595215316
Oktyabr'skoye,43.06,44.74,69.8,88,0,3.74,RU,1595215316
Sola,-13.88,167.55,80.6,65,90,6.93,VU,1595215316
Bintulu,3.17,113.03,86.0,79,40,2.24,MY,1595215316
Norman Wells,65.28,-126.83,59.0,77,75,9.17,CA,1595215317
Quang Ngai,15.12,108.8,91.83,55,99,8.99,VN,1595215317
Chyhyryn,49.08,32.66,63.86,82,1,6.93,UA,1595215317
Griffith,41.53,-87.42,72.0,83,1,4.7,US,1595215285
Honiara,-9.43,159.95,86.0,74,75,5.82,SB,1595215317
Aklavik,68.22,-135.01,51.8,66,75,3.8,CA,1595215317
Hibbing,47.43,-92.94,60.8,93,1,5.91,US,1595215318
Long Beach,33.77,-118.19,71.6,64,1,12.75,US,1595215040
Derzhavīnsk,51.1,66.32,77.7,37,0,8.14,KZ,1595215318
Zmeyskaya,43.34,44.16,71.6,88,0,2.37,RU,1595215318
Adrar,20.5,-10.07,90.59,27,23,7.92,MR,1595215319
Eilat,29.56,34.95,77.11,57,0,8.5,IL,1595215319
Englehart,47.82,-79.87,69.8,64,1,12.75,CA,1595215319
Santa Isabel Rio Negro,-0.41,-65.02,73.38,92,37,2.28,BR,1595215319
San-Pédro,4.75,-6.64,73.72,94,76,5.44,CI,1595215320
Pacific Grove,36.62,-121.92,62.6,77,75,6.93,US,1595215215
Krotovka,53.29,51.17,63.12,86,0,7.52,RU,1595215320
Shaowu,27.34,117.48,91.0,58,60,4.72,CN,1595215320
Brae,60.4,-1.35,50.0,87,80,6.93,GB,1595215320
Cascais,38.7,-9.42,64.99,92,93,5.35,PT,1595215321
Praia da Vitória,38.73,-27.07,69.8,77,75,4.61,PT,1595215068
Cradock,-32.16,25.62,44.78,46,0,5.06,ZA,1595215321
Megion,61.03,76.11,57.2,76,75,13.42,RU,1595215321
Kavaratti,10.57,72.64,81.37,80,100,13.38,IN,1595215322
Djibo,14.1,-1.63,86.14,54,60,9.51,BF,1595215322
Wakkanai,45.41,141.67,69.8,83,75,5.82,JP,1595215322
Yabēlo,4.88,38.08,55.54,91,68,8.19,ET,1595215322
Katsuura,35.13,140.3,88.0,83,75,8.05,JP,1595215322
San Fernando del Valle de Catamarca,-28.47,-65.79,63.0,71,18,1.99,AR,1595215118
Kirakira,-10.45,161.92,82.83,76,22,7.31,SB,1595215322
Ponta Delgada,37.73,-25.67,68.0,72,75,8.05,PT,1595215323
Taltal,-25.4,-70.48,57.42,72,100,2.73,CL,1595215323
Buala,-8.14,159.59,83.64,72,41,4.34,SB,1595215323
Petropavlovsk-Kamchatskiy,53.05,158.65,60.8,82,90,15.66,RU,1595215323
Leningradskiy,69.38,178.42,44.01,68,1,9.31,RU,1595215324
Clarence Town,-32.58,151.78,66.99,23,0,14.99,AU,1595215324
Mitzic,0.78,11.55,66.52,100,66,2.93,GA,1595215324
La Palma del Condado,37.39,-6.55,75.2,78,0,2.24,ES,1595215324
Bud,39.45,-86.18,71.6,94,90,8.05,US,1595215324
Lac du Bonnet,50.25,-96.06,63.0,99,45,4.43,CA,1595215325
Weyburn,49.67,-103.85,64.0,74,8,3.0,CA,1595215325
Jumla,29.27,82.18,69.73,57,61,3.62,NP,1595215325
Chui,-33.7,-53.46,66.22,86,94,7.25,UY,1595215325
Ancud,-41.87,-73.82,48.0,100,90,3.36,CL,1595215326
Yar-Sale,66.83,70.83,60.53,56,0,9.53,RU,1595215326
Kaeo,-35.1,173.78,64.0,3,83,5.99,NZ,1595215326
Maniwaki,46.38,-75.97,71.4,94,6,8.66,CA,1595215326
Sitka,57.05,-135.33,57.2,93,90,3.36,US,1595215326
Baykit,61.67,96.37,65.28,41,6,4.34,RU,1595215326
Inírida,3.87,-67.92,74.16,92,92,0.85,CO,1595215326
Toora-Khem,52.47,96.11,73.72,35,0,0.94,RU,1595215253
Nakamura,32.98,132.93,90.19,57,99,4.27,JP,1595215327
Provideniya,64.38,-173.3,50.0,81,75,13.42,RU,1595215327
Manokwari,-0.87,134.08,84.79,67,26,9.78,ID,1595215327
Mahabalipuram,12.63,80.17,82.4,83,40,5.82,IN,1595215327
Konya Province,38.17,32.5,71.6,64,0,8.05,TR,1595215327
Barra de Tecoanapa,16.52,-98.75,81.61,83,3,5.12,MX,1595215328
Roseburg,43.22,-123.34,89.6,24,1,12.75,US,1595215328
Kahului,20.89,-156.47,86.0,51,40,23.04,US,1595215328
Steinkjer,64.19,11.39,55.0,69,100,5.01,NO,1595215328
Miranda,3.25,-76.23,77.0,65,75,11.41,CO,1595215328
Kalabo,-14.97,22.68,48.49,81,0,5.79,ZM,1595215328
Wadi Maliz,36.47,8.55,66.2,68,0,3.36,TN,1595215328
Mandapam,9.28,79.12,84.25,73,89,5.84,IN,1595215329
Kirkwall,58.98,-2.96,50.0,93,88,3.36,GB,1595215329
Mossamedes,-15.2,12.15,67.51,60,24,5.86,AO,1595215329
Vega de Alatorre,20.03,-96.63,80.65,75,13,4.68,MX,1595215329
Nantucket,41.28,-70.1,69.8,94,1,12.75,US,1595215276
Belyy Yar,53.6,91.39,69.8,49,0,2.35,RU,1595215330
Inhambane,-23.86,35.38,66.94,76,55,8.68,MZ,1595215330
Moose Jaw,50.4,-105.53,66.0,77,75,4.7,CA,1595215330
Oranjemund,-28.55,16.43,61.47,34,0,4.54,NA,1595215330
Leninskoye,47.94,132.62,62.64,95,100,3.62,RU,1595215330
Torata,-17.08,-70.84,54.95,39,70,1.32,PE,1595215330
Vostok,46.49,135.88,81.81,30,100,7.85,RU,1595215330
Gachsaran,30.36,50.8,87.8,22,0,5.97,IR,1595215331
Béboto,8.27,16.94,69.22,96,100,3.4,TD,1595215331
Anadyr,64.75,177.48,55.4,66,2,13.42,RU,1595215331
Christchurch,-43.53,172.63,55.99,82,100,10.29,NZ,1595215203
Mata,40.68,-7.46,62.01,88,0,1.43,PT,1595215331
Umm Kaddadah,13.6,26.69,78.8,65,100,11.88,SD,1595215331
Eyemouth,55.87,-2.09,48.99,1,0,13.24,GB,1595215332
Erzurum Province,40.0,41.5,51.8,76,0,3.36,TR,1595215332
Port Hedland,-20.32,118.57,75.2,36,34,17.22,AU,1595215332
Buraidah,26.33,43.98,93.2,23,0,8.05,SA,1595215130
Lüderitz,-26.65,15.16,60.8,27,0,2.24,NA,1595215332
Kondinskoye,59.65,67.41,62.51,67,4,13.29,RU,1595215332
Tazovsky,67.47,78.7,54.1,67,46,12.24,RU,1595215333
Atar,20.52,-13.05,84.99,45,1,12.21,MR,1595215333
Bacolod City,10.67,122.95,84.96,72,100,4.79,PH,1595215333
Svetlaya,46.54,138.33,67.42,71,100,7.45,RU,1595215333
Bhatkal,13.97,74.57,81.32,79,100,0.81,IN,1595215333
Coquimbo,-29.95,-71.34,50.0,93,67,4.7,CL,1595215128
Karwar,14.8,74.13,80.64,83,100,0.81,IN,1595215334
Mehrān,33.12,46.16,75.2,25,0,4.7,IR,1595215334
Saraland,30.82,-88.07,82.99,92,100,6.06,US,1595215334
Cherskiy,68.75,161.3,74.59,35,0,3.29,RU,1595215334
Semnan,35.57,53.4,82.63,19,0,5.57,IR,1595215334
Nouadhibou,20.93,-17.03,69.8,88,46,8.05,MR,1595215334
Yantal',56.85,105.25,63.03,46,11,4.7,RU,1595215335
Smithers,54.78,-127.17,69.8,56,20,6.93,CA,1595215335
Wilmington,34.23,-77.94,84.2,70,1,9.17,US,1595215335
Kudahuvadhoo,2.67,72.89,83.48,76,100,21.39,MV,1595215335
Virginia Beach,36.85,-75.98,86.0,78,75,4.7,US,1595215318
Arman',59.7,150.17,62.22,57,12,7.67,RU,1595215335
Lagos,6.58,3.75,77.0,94,40,2.24,NG,1595215138
Malanje,-9.54,16.34,50.25,49,0,4.63,AO,1595215336
Fort-Shevchenko,44.51,50.26,87.03,38,0,15.39,KZ,1595215336
Palana,59.12,159.97,54.59,77,50,17.74,RU,1595215336
Buchanan,5.88,-10.05,75.42,89,50,8.1,LR,1595215336
Jieshi,22.81,115.83,86.14,71,100,9.44,CN,1595215336
Kurumkan,54.3,110.3,63.21,46,63,3.89,RU,1595215337
Berlevåg,70.86,29.09,50.97,90,100,4.16,NO,1595215337
Koróni,36.8,21.95,73.99,56,0,9.17,GR,1595215337
Wanxian,30.8,108.39,83.59,69,100,4.56,CN,1595215337
Whitehorse,60.72,-135.05,66.2,42,90,11.41,CA,1595215337
Korla,41.76,86.15,71.01,95,100,17.85,CN,1595215338
Kismayo,-0.36,42.55,76.35,76,96,16.24,SO,1595215338
Sept-Îles,50.2,-66.38,68.0,72,75,9.17,CA,1595215310
Chernyshevskiy,63.01,112.47,62.64,56,94,4.63,RU,1595215338
Novoagansk,61.94,76.66,56.57,83,100,18.95,RU,1595215339
Contai,21.78,87.75,85.41,78,100,18.03,IN,1595215339
Dzhebariki-Khaya,62.22,135.8,89.76,36,10,6.82,RU,1595215339
Omsukchan,62.53,155.8,65.48,43,82,5.21,RU,1595215339
Erzincan Province,39.75,39.5,59.0,72,0,1.41,TR,1595215339
Esil,51.96,66.4,78.35,37,0,5.1,KZ,1595215340
Schladming,47.39,13.69,48.99,99,100,2.39,AT,1595215340
Yuzhne,46.62,31.1,68.0,68,0,4.47,UA,1595215340
Natal,-5.79,-35.21,73.4,100,75,4.7,BR,1595215124
Abhā,18.22,42.51,57.2,87,75,13.87,SA,1595215341
São Filipe,14.9,-24.5,76.39,86,90,8.3,CV,1595215341
Asmara,15.33,38.93,59.79,92,100,8.25,ER,1595215314
Alofi,-19.06,-169.92,80.6,74,74,8.05,NU,1595215317
Frisco,33.15,-96.82,88.0,57,0,3.0,US,1595215064
Chapecó,-27.1,-52.62,59.09,95,0,2.73,BR,1595215159
Basoda,23.85,77.93,86.11,66,100,12.95,IN,1595215341
Staryy Nadym,65.61,72.68,58.84,64,1,16.44,RU,1595215342
Boves,44.33,7.55,71.6,94,40,2.24,IT,1595215342
Uruaçu,-14.52,-49.14,66.6,59,0,4.99,BR,1595215342
Shenjiamen,29.96,122.3,77.97,90,100,8.23,CN,1595215342
Sainte-Anne-des-Monts,49.12,-66.49,68.09,81,86,10.04,CA,1595215343
Baruun-Urt,46.68,113.28,61.61,40,51,13.82,MN,1595215343
Celestún,20.87,-90.4,81.73,76,0,12.06,MX,1595215343
Roebourne,-20.78,117.13,70.74,50,0,18.54,AU,1595215343
Laguna,38.42,-121.42,77.0,47,1,8.05,US,1595215256
Bubaque,11.28,-15.83,79.18,85,100,15.61,GW,1595215343
Ouégoa,-20.35,164.43,73.96,57,69,5.73,NC,1595215343
The Valley,18.22,-63.06,82.4,78,20,9.17,AI,1595215252
Nhulunbuy,-12.23,136.77,84.2,51,17,16.11,AU,1595215344
Lahaina,20.88,-156.68,86.0,51,40,23.04,US,1595215344
Snyder,32.72,-100.92,89.6,35,1,10.29,US,1595215344
Nizhnyaya Maktama,54.86,52.43,62.31,93,25,9.33,RU,1595215344
Cockburn Town,21.46,-71.14,83.55,78,97,21.41,TC,1595215344
Alta Gracia,-31.65,-64.43,55.0,100,90,5.82,AR,1595215344
Lubyany,56.04,51.4,62.6,100,90,13.42,RU,1595215345
Seoul,37.57,126.98,75.2,88,90,13.4,KR,1595215345
Smolenka,52.14,113.5,60.8,59,40,11.18,RU,1595215345
Beruwala,6.48,79.98,82.26,80,92,7.31,LK,1595215345
Luanda,-8.84,13.23,68.0,88,75,2.24,AO,1595215345
Zeya,53.75,127.27,70.38,87,100,10.38,RU,1595215345
Vardø,70.37,31.11,57.2,100,40,10.29,NO,1595215346
Idlib,35.93,36.63,69.8,100,20,3.36,SY,1595215346
Jining,35.41,116.58,87.87,39,0,4.68,CN,1595215346
Jaciara,-15.97,-54.97,66.76,53,0,1.9,BR,1595215346
Monte Alegre,-2.01,-54.07,76.03,74,4,3.24,BR,1595215346
Valle de Allende,26.93,-105.4,77.81,43,75,4.76,MX,1595215346
Pangai,-19.8,-174.35,73.4,83,75,10.29,TO,1595215347
Cabedelo,-6.98,-34.83,73.4,100,75,8.05,BR,1595215347
Birao,10.28,22.79,69.46,96,100,3.31,CF,1595215347
Brawley,32.98,-115.53,99.0,11,1,16.11,US,1595215347
Nuuk,64.18,-51.72,55.4,50,100,11.41,GL,1595215173
Guánica,17.97,-66.91,80.01,86,97,6.78,PR,1595215348
Dhidhdhoo,6.88,73.1,80.73,83,100,24.74,MV,1595215348
Turukhansk,65.82,87.98,61.83,59,100,8.08,RU,1595215348
Myitkyina,25.38,97.4,74.41,97,100,1.43,MM,1595215088
Cantaura,9.31,-64.36,74.37,91,46,6.64,VE,1595215348
Bengkulu,-3.8,102.27,84.87,66,0,4.56,ID,1595215348
Muswellbrook,-32.27,150.9,59.07,41,0,6.71,AU,1595215349
Bulawayo,-20.15,28.58,46.65,72,0,11.7,ZW,1595215349
Wanaka,-44.7,169.15,43.7,84,100,2.77,NZ,1595215070
Aykhal,66.0,111.5,55.4,93,90,8.95,RU,1595215349
Laas,46.62,10.7,55.4,87,20,4.7,IT,1595215349
Salinópolis,-0.61,-47.36,78.03,82,4,9.57,BR,1595215350
Raahe,64.68,24.48,57.2,93,98,3.36,FI,1595215350
Rocha,-34.48,-54.33,66.79,88,100,4.63,UY,1595215350
Puerto Cabezas,14.04,-83.39,78.6,86,6,7.0,NI,1595215350
Tual,-5.67,132.75,78.73,84,93,19.48,ID,1595215350
Serabu,7.8,-12.05,71.73,99,85,1.99,SL,1595215350
Noboribetsu,42.45,141.17,86.0,61,20,3.36,JP,1595215351
Predivinsk,57.07,93.44,63.88,71,100,3.65,RU,1595215351
Assens,55.27,9.9,57.2,87,99,11.41,DK,1595215351
Alekseyevka,50.63,38.69,60.6,86,0,2.51,RU,1595215351
Puri,19.8,85.85,86.0,84,75,18.34,IN,1595215351
Oga,46.46,10.35,55.4,100,68,1.12,IT,1595215352
Mpraeso,6.59,-0.73,68.43,100,100,4.43,GH,1595215352
Anking,30.51,117.05,81.21,64,31,3.47,CN,1595215352
Pennādam,11.4,79.23,83.26,70,100,6.62,IN,1595215352
Rosetta,31.4,30.42,75.2,83,0,9.17,EG,1595215352
Coyhaique,-45.58,-72.07,35.6,93,90,3.36,CL,1595215352
Banda Aceh,5.56,95.32,83.57,73,78,1.59,ID,1595215353
Maragogi,-9.01,-35.22,75.11,85,39,14.72,BR,1595215353
Henties Bay,-22.12,14.28,73.0,21,0,16.58,NA,1595215353
Moranbah,-22.0,148.05,73.29,38,26,9.69,AU,1595215353
Ullapool,57.9,-5.16,50.0,91,93,1.01,GB,1595215354
Soyo,-6.13,12.37,71.67,90,62,3.78,AO,1595215354
Penzance,50.12,-5.54,55.99,71,0,11.41,GB,1595215211
Jinchang,38.5,102.17,81.09,19,94,4.97,CN,1595215354
Nānākuli,21.39,-158.15,84.2,62,20,9.17,US,1595215354
São João da Barra,-21.64,-41.05,70.61,87,43,10.74,BR,1595215355
Neustadt an der Waldnaab,49.71,12.09,59.0,100,1,1.66,DE,1595215355
Chichihualco,17.68,-99.65,67.24,88,97,4.45,MX,1595215355
Yerofey Pavlovich,53.97,121.97,65.97,86,71,7.45,RU,1595215355
Grindavik,63.84,-22.43,44.6,93,75,5.82,IS,1595215355
Ōtsuchi,39.37,141.9,82.4,69,40,2.24,JP,1595215355
Shimoda,34.67,138.95,82.4,78,75,9.17,JP,1595215355
Muli,2.92,73.57,83.35,76,100,21.63,MV,1595215267
Serenje,-13.23,30.24,50.63,88,43,9.53,ZM,1595215356
Gwadar,25.12,62.33,85.3,80,6,7.29,PK,1595215356
Oranjestad,12.52,-70.03,82.4,83,20,23.04,AW,1595215356
Binzhou,37.37,118.02,91.0,44,0,6.24,CN,1595215356
Jaru,-10.44,-62.47,76.8,58,32,1.5,BR,1595215357
Gamboma,-1.88,15.86,74.21,73,86,2.62,CG,1595215357
Huarmey,-10.07,-78.15,60.12,86,14,7.23,PE,1595215357
Sharan,54.82,54.0,62.91,91,19,8.77,RU,1595215357
Chiredzi,-21.05,31.67,53.15,80,4,3.69,ZW,1595215357
Yaan,7.38,8.57,70.12,100,96,3.74,NG,1595215357
Sistranda,63.73,8.83,53.6,93,75,3.36,NO,1595215357
Douglas,41.3,-96.17,82.4,58,90,5.82,US,1595215358
Dubbo,-32.25,148.62,57.2,54,0,9.17,AU,1595215358
Kiryat Gat,31.61,34.76,75.0,82,0,1.74,IL,1595215323
Muyezerskiy,63.93,31.65,64.29,70,8,2.01,RU,1595215358
Pishin,30.58,67.0,81.39,28,0,2.46,PK,1595215358
Ihosy,-22.4,46.12,50.29,87,16,9.57,MG,1595215358
Zhuhai,22.28,113.57,97.0,79,20,10.29,CN,1595215096
Dongsheng,39.82,109.98,80.8,22,33,13.09,CN,1595215359
Kawalu,-7.38,108.21,77.72,79,64,4.5,ID,1595215359
Wewak,-3.55,143.63,84.79,65,1,8.75,PG,1595215359
Bayjī,34.93,43.49,86.63,13,0,6.76,IQ,1595215359
Meulaboh,4.14,96.13,84.92,69,53,2.44,ID,1595215359
Cabra,37.47,-4.44,79.0,51,0,3.06,ES,1595215360
Matara,5.95,80.54,82.69,74,99,7.61,LK,1595215360
Ust-Kuyga,70.02,135.6,72.7,51,95,2.39,RU,1595215360
Kehychivka,49.29,35.76,60.94,85,22,6.53,UA,1595215360
Inuvik,68.35,-133.72,51.8,66,75,2.33,CA,1595215162
Djambala,-2.54,14.75,70.63,60,36,3.22,CG,1595215360
Bucerías,20.75,-105.33,84.2,79,75,3.36,MX,1595215360
Kiama,-34.68,150.87,60.01,34,0,16.11,AU,1595215361
Outjo,-20.12,16.15,47.89,49,0,11.34,NA,1595215361
Belle Fourche,44.67,-103.85,70.0,68,1,8.05,US,1595215361
Sibolga,1.74,98.78,86.9,58,3,2.64,ID,1595215361
Puerto Suárez,-18.95,-57.8,72.68,50,0,3.38,BO,1595215361
Puerto Escondido,15.85,-97.07,82.22,77,17,5.68,MX,1595215361
Moanda,-1.56,13.22,69.58,91,14,2.64,GA,1595215361
Isangel,-19.55,169.27,77.0,61,40,9.17,VU,1595215361
Portland,45.52,-122.68,84.99,45,40,14.99,US,1595214727
Zhigansk,66.77,123.37,63.0,69,100,3.51,RU,1595215362
Guayaramerín,-10.84,-65.36,76.77,70,28,1.88,BO,1595215362
Vysokogornyy,50.12,139.15,70.66,75,100,6.04,RU,1595215362
Urengoy,65.97,78.37,60.15,61,38,17.07,RU,1595215362
‘Ewa Beach,21.32,-158.01,84.2,62,20,9.17,US,1595215362
Vysokovsk,56.32,36.55,59.0,87,49,4.47,RU,1595215362
Narsaq,60.92,-46.05,51.8,53,54,3.36,GL,1595215363
Oudtshoorn,-33.59,22.2,51.8,100,90,5.82,ZA,1595215363
Kentau,43.52,68.51,87.01,14,63,2.86,KZ,1595215363
Staszów,50.56,21.17,59.0,93,72,1.99,PL,1595215363
Emet,39.34,29.26,64.09,86,0,2.44,TR,1595215363
Gogrial,8.53,28.1,70.14,96,100,5.86,SS,1595215363
Basco,20.45,121.97,85.41,76,1,13.13,PH,1595215364
Ponta do Sol,32.67,-17.1,69.8,77,40,11.41,PT,1595215364
Qixingtai,30.41,111.89,82.4,73,94,2.28,CN,1595215364
Lagoa,39.05,-27.98,68.38,79,42,7.58,PT,1595215364
Xining,36.62,101.77,67.53,38,100,2.35,CN,1595215364
Águas Formosas,-17.08,-40.94,62.94,94,89,1.45,BR,1595215364
