City,Lat,Lng,Max Temp,Humidity,Cloudiness,Wind Speed,Country,Date
Ngunguru,-35.62,174.5,59.0,3,38,1.99,NZ,1595197012
São João da Barra,-21.64,-41.05,71.6,78,0,11.41,BR,1595197013
The Valley,18.22,-63.06,86.0,66,40,13.87,AI,1595196999
Half Moon Bay,37.46,-122.43,75.0,77,90,6.93,US,1595196839
Khatanga,71.97,102.5,51.62,78,97,4.14,RU,1595197013
Nema,57.51,50.5,61.12,97,100,6.87,RU,1595197013
Biak,-0.91,122.88,76.69,82,66,7.25,ID,1595197013
Naze,28.37,129.48,84.2,83,75,12.75,JP,1595197013
Anori,-3.77,-61.64,82.54,69,78,1.68,BR,1595197014
Erenhot,43.65,111.98,70.09,34,0,5.59,CN,1595197014
‘Āhuimanu,21.44,-157.84,89.6,65,75,14.99,US,1595197014
Emerald,-23.53,148.17,52.0,81,1,4.7,AU,1595197014
Punta Arenas,-53.15,-70.92,35.6,69,75,8.05,CL,1595197014
Tehachapi,35.13,-118.45,87.8,23,1,18.34,US,1595197014
Albany,42.6,-73.97,93.0,46,53,6.04,US,1595197014
Beringovskiy,63.05,179.32,45.12,80,54,14.79,RU,1595197015
Port Alfred,-33.59,26.89,60.37,77,0,8.3,ZA,1595197015
Hithadhoo,-0.6,73.08,83.23,78,100,17.11,MV,1595197015
Mahébourg,-20.41,57.7,68.0,77,75,14.99,MU,1595197015
Darnah,32.77,22.64,75.13,77,0,17.94,LY,1595196764
Lebowakgomo,-24.2,29.5,48.2,19,0,3.36,ZA,1595197015
Bathsheba,13.22,-59.52,86.0,62,20,13.87,BB,1595196577
Luau,-10.71,22.22,56.37,45,0,5.1,AO,1595197015
Paamiut,61.99,-49.67,48.52,79,93,3.67,GL,1595197016
Thompson,55.74,-97.86,77.0,36,75,4.7,CA,1595197016
Port Elizabeth,-33.92,25.57,53.6,100,0,3.36,ZA,1595197016
Shache,38.42,77.24,67.55,57,0,3.83,CN,1595197016
Bluefield,37.27,-81.22,86.0,69,1,6.93,US,1595197016
Cape Town,-33.93,18.42,60.01,93,40,9.17,ZA,1595197016
Kasongo,-4.45,26.67,72.5,40,3,3.42,CD,1595197017
New Norfolk,-42.78,147.06,45.0,84,74,4.0,AU,1595197017
Rikitea,-23.12,-134.97,68.45,70,37,14.18,PF,1595197017
Hilo,19.73,-155.09,84.2,62,20,11.41,US,1595197017
Busselton,-33.65,115.33,46.99,76,54,8.34,AU,1595196453
Vaini,-21.2,-175.2,66.2,100,90,4.7,TO,1595197017
Hobart,-42.88,147.33,45.0,75,40,9.17,AU,1595197017
George Town,5.41,100.34,78.8,100,40,4.97,MY,1595196755
Chokurdakh,70.63,147.92,71.8,45,59,16.75,RU,1595197018
Bellevue,47.61,-122.2,84.2,44,1,9.17,US,1595196984
Bluff,-46.6,168.33,39.0,83,89,3.0,NZ,1595197018
Hermanus,-34.42,19.23,53.01,97,2,5.99,ZA,1595197018
Hong Kong,22.29,114.16,84.0,79,100,9.71,HK,1595196865
Marzuq,14.4,46.47,77.92,50,35,3.53,YE,1595197018
Pevek,69.7,170.31,47.08,56,0,5.06,RU,1595197018
Peniche,39.36,-9.38,66.0,83,2,3.0,PT,1595197019
Preston,53.77,-2.72,53.01,85,25,7.85,GB,1595197019
Council Bluffs,41.26,-95.86,89.6,40,40,8.05,US,1595196835
Ushuaia,-54.8,-68.3,32.0,92,40,5.82,AR,1595196578
Barrow,71.29,-156.79,37.4,74,40,12.75,US,1595196763
Tessalit,20.2,1.01,89.67,30,11,8.08,ML,1595196850
Almaznyy,48.04,40.05,71.6,56,20,8.95,RU,1595197019
Asău,46.43,26.4,60.01,98,100,3.13,RO,1595197019
El Dorado,33.21,-92.67,93.2,52,1,5.82,US,1595197020
Mungwi,-10.17,31.37,51.69,84,6,6.38,ZM,1595197020
Westport,41.14,-73.36,88.0,55,1,17.22,US,1595197020
Ambilobe,-13.2,49.05,67.28,67,20,5.59,MG,1595197020
Pisco,-13.7,-76.22,66.2,72,37,17.22,PE,1595197020
Saint-Augustin,51.23,-58.65,74.75,52,60,12.24,CA,1595197020
Chapais,49.78,-74.85,75.2,73,75,11.41,CA,1595197020
Razdolinsk,58.42,94.67,52.88,79,94,1.1,RU,1595197020
Ribeira Grande,38.52,-28.7,69.39,75,69,4.7,PT,1595197020
Sobolevo,54.43,31.9,56.1,89,39,2.98,RU,1595197021
Lebu,-37.62,-73.65,52.34,88,1,11.77,CL,1595197021
Castro,-24.79,-50.01,59.18,88,26,3.49,BR,1595197021
Atuona,-9.8,-139.03,79.7,72,19,15.46,PF,1595197021
Srednekolymsk,67.45,153.68,72.95,43,0,12.12,RU,1595197021
Kysyl-Syr,63.9,122.76,60.17,87,100,11.41,RU,1595197021
Oparino,59.85,48.28,59.27,80,73,6.87,RU,1595197022
Fortuna,40.6,-124.16,70.0,72,20,14.99,US,1595197022
Skibbereen,51.55,-9.27,59.0,72,75,6.93,IE,1595197022
Shorāpur,16.52,76.75,75.88,86,100,11.16,IN,1595197022
Mataura,-46.19,168.86,39.0,83,88,3.0,NZ,1595196578
Los Llanos de Aridane,28.66,-17.92,78.01,83,0,16.11,ES,1595197022
Ketchikan,55.34,-131.65,62.6,77,90,9.17,US,1595197022
Coquimbo,-29.95,-71.34,57.2,82,100,8.05,CL,1595196854
Mizdah,31.45,12.98,71.55,64,0,9.78,LY,1595197023
Yellowknife,62.46,-114.35,71.01,60,75,13.87,CA,1595197023
Aksarka,66.56,67.8,44.98,87,41,8.01,RU,1595197023
Barrhead,55.8,-4.39,53.01,87,20,5.82,GB,1595197023
Barranca,-10.75,-77.77,62.74,76,22,9.55,PE,1595197023
Kruisfontein,-34.0,24.73,52.34,44,0,4.45,ZA,1595197023
Kāmyārān,34.8,46.94,73.4,12,0,4.7,IR,1595197023
Kupang,-10.17,123.58,73.4,83,20,6.93,ID,1595196900
Khanpur,28.65,70.66,94.21,52,5,21.09,PK,1595196767
Alofi,-19.06,-169.92,78.8,74,99,10.29,NU,1595196741
Shelburne,44.08,-80.2,80.6,69,90,6.93,CA,1595196903
Kapaa,22.08,-159.32,82.4,78,75,18.34,US,1595196734
Grand-Lahou,5.14,-5.02,75.56,91,100,8.3,CI,1595197024
Manokwari,-0.87,134.08,79.9,72,91,5.73,ID,1595197024
Iqaluit,63.75,-68.51,42.8,100,90,8.05,CA,1595196928
Klaksvík,62.23,-6.59,50.0,87,100,10.29,FO,1595197024
Isangel,-19.55,169.27,75.2,73,40,4.7,VU,1595197025
Serov,59.6,60.58,63.25,78,75,8.25,RU,1595197025
Lompoc,34.64,-120.46,71.01,64,5,17.22,US,1595196799
Dighwāra,25.73,85.0,78.8,94,75,4.7,IN,1595197025
Beipiao,41.79,120.78,67.17,57,100,4.72,CN,1595197025
East London,-33.02,27.91,60.64,74,0,9.44,ZA,1595197026
Nikolskoye,59.7,30.79,64.4,72,3,2.24,RU,1595197026
Puerto Madryn,-42.77,-65.04,46.51,84,100,11.63,AR,1595197026
Saint-Philippe,-21.36,55.77,64.4,77,20,9.17,RE,1595197026
Alta Floresta,-9.88,-56.09,81.93,37,89,4.21,BR,1595197026
Mount Darwin,-16.77,31.58,50.9,88,0,2.91,ZW,1595197026
Smithers,54.78,-127.17,69.8,52,40,4.7,CA,1595196819
San Andrés,12.58,-81.7,87.8,70,40,11.41,CO,1595197027
Redlands,34.06,-117.18,96.8,13,5,10.29,US,1595197027
Pandamatenga,-18.53,25.63,50.63,61,0,1.32,BW,1595197027
Avarua,-21.21,-159.78,75.2,78,73,16.11,CK,1595197027
Alice Springs,-23.7,133.88,44.6,64,79,4.7,AU,1595196886
Kaitangata,-46.28,169.85,46.0,77,96,5.01,NZ,1595197027
Humaitá,-7.51,-63.02,83.82,62,92,0.65,BR,1595197027
Mar del Plata,-38.0,-57.56,52.0,100,90,13.87,AR,1595197028
Tiarei,-17.53,-149.33,80.6,65,75,6.93,PF,1595197028
Qaanaaq,77.48,-69.36,47.59,69,99,1.74,GL,1595196856
Kommunisticheskiy,61.68,64.48,53.37,83,12,7.27,RU,1595197028
Airai,-8.93,125.41,53.74,56,24,2.89,TL,1595197028
Henties Bay,-22.12,14.28,73.99,22,0,5.1,NA,1595197028
Maniitsoq,65.42,-52.9,51.06,79,83,2.57,GL,1595196789
Jamestown,42.1,-79.24,77.0,94,20,9.17,US,1595196980
Vanimo,-2.67,141.3,78.24,82,39,5.1,PG,1595197029
Monrovia,6.3,-10.8,77.0,94,75,10.96,LR,1595197029
Weinan,34.5,109.51,73.0,100,0,3.22,CN,1595197029
Novogurovskiy,54.47,37.34,59.0,93,0,4.47,RU,1595197029
Jalu,29.03,21.55,81.05,47,28,12.17,LY,1595197030
Middle Island,40.88,-72.94,86.0,66,1,11.41,US,1595197030
Olafsvik,64.89,-23.71,48.67,77,14,5.64,IS,1595197030
Provideniya,64.38,-173.3,53.6,66,75,6.71,RU,1595197030
Zheleznodorozhnyy,55.75,38.0,64.0,93,96,2.24,RU,1595196841
Rio Grande,-32.03,-52.1,73.99,71,92,8.01,BR,1595197030
Vao,-22.67,167.48,69.37,69,8,12.97,NC,1595197030
Buala,-8.14,159.59,82.26,74,62,5.14,SB,1595197031
Torbay,47.67,-52.73,73.4,46,20,10.29,CA,1595197031
Bandarbeyla,9.49,50.81,79.72,62,64,24.36,SO,1595196834
Sampit,-2.53,112.95,73.38,98,23,2.04,ID,1595197031
Dom Pedro,-4.48,-44.45,80.82,60,59,1.63,BR,1595196900
Saint Paul Harbor,57.79,-152.41,57.2,87,90,10.29,US,1595197031
Cherskiy,68.75,161.3,70.34,46,0,7.29,RU,1595197031
Kalabo,-14.97,22.68,54.88,54,0,7.16,ZM,1595197031
Chifeng,42.27,118.96,64.63,57,0,5.82,CN,1595197032
Beloha,-25.17,45.05,61.39,80,0,10.78,MG,1595197032
Minas de Barroterán,27.63,-101.28,95.38,28,30,20.56,MX,1595197032
Talcahuano,-36.72,-73.12,57.2,82,55,9.17,CL,1595197032
Adré,13.47,22.2,76.48,70,100,13.38,TD,1595197025
Vedea,43.78,25.78,64.0,94,75,4.65,RO,1595197032
Atambua,-9.11,124.89,65.55,87,6,5.06,ID,1595196743
Sirte,31.21,16.59,76.77,76,0,9.55,LY,1595197033
Sistranda,63.73,8.83,53.6,93,75,4.7,NO,1595196941
Nouakchott,18.09,-15.98,80.6,78,75,13.87,MR,1595197023
Butaritari,3.07,172.79,83.39,77,93,16.84,KI,1595197033
Port Lincoln,-34.73,135.87,50.79,72,66,7.49,AU,1595197033
Hokitika,-42.72,170.97,52.0,86,100,6.44,NZ,1595197033
Korla,41.76,86.15,75.99,89,100,1.99,CN,1595197033
Puerto Ayora,-0.74,-90.35,75.2,73,75,13.87,EC,1595197034
Clarence Town,-32.58,151.78,54.0,76,9,20.8,AU,1595197034
Copiapó,-27.37,-70.33,55.4,82,75,9.17,CL,1595196898
Waitara,-38.92,174.25,54.0,77,0,5.01,NZ,1595197034
Mayo,38.89,-76.51,95.0,59,1,10.29,US,1595197034
Yangi Marg`ilon,40.43,71.72,77.0,33,24,9.17,UZ,1595197034
Berlevåg,70.86,29.09,55.4,93,75,5.82,NO,1595197034
Riyadh,24.69,46.72,93.2,24,11,2.33,SA,1595197019
Kuril'sk,45.23,147.88,58.41,89,71,2.24,RU,1595197035
Devonport,-41.17,146.35,46.0,82,19,1.01,AU,1595196758
Namikupa,-10.83,39.6,61.52,93,3,4.36,TZ,1595197035
Camaná,-16.62,-72.71,61.2,74,88,8.12,PE,1595197035
Guangming,45.33,122.78,64.17,62,28,10.33,CN,1595197035
Tabou,4.42,-7.35,75.72,90,74,8.77,CI,1595197035
Paraná,-31.73,-60.52,72.21,63,58,2.21,AR,1595196887
Talara,-4.58,-81.27,62.19,86,43,20.07,PE,1595197035
Quatre Cocos,-20.21,57.76,68.0,82,40,12.75,MU,1595196750
Upernavik,72.79,-56.15,49.84,53,74,6.93,GL,1595197036
Neryungri,56.67,124.65,60.24,92,100,5.93,RU,1595197036
Rosetta,31.4,30.42,77.0,78,0,11.41,EG,1595197036
São Filipe,14.9,-24.5,77.43,82,91,8.21,CV,1595197036
Genhe,50.78,121.52,53.65,92,84,3.96,CN,1595197036
Olden,61.84,6.81,51.8,93,75,2.24,NO,1595197036
Labuan,5.28,115.24,77.0,100,20,6.82,MY,1595197036
Katsuura,35.13,140.3,78.01,100,75,1.12,JP,1595197037
Knysna,-34.04,23.05,46.4,100,0,5.82,ZA,1595197037
Hasaki,35.73,140.83,77.0,94,75,6.93,JP,1595197037
Dikson,73.51,80.55,40.48,98,100,14.18,RU,1595197037
Berbera,10.44,45.01,88.47,44,2,21.72,SO,1595197037
Naberera,-4.2,36.93,56.14,86,2,8.21,TZ,1595197037
Lüderitz,-26.65,15.16,69.8,26,0,9.17,NA,1595196866
Teya,60.38,92.63,54.03,80,100,1.19,RU,1595197037
Bredasdorp,-34.53,20.04,55.4,93,1,1.03,ZA,1595197038
El Salvador,13.83,-88.92,89.6,66,75,6.93,SV,1595197038
Koulamoutou,-1.13,12.47,72.25,90,94,1.34,GA,1595197038
Trindade,-16.65,-49.49,71.6,46,0,10.29,BR,1595197038
Constitución,-35.33,-72.42,54.14,88,87,9.69,CL,1595197038
Broken Hill,-31.95,141.43,37.4,86,19,6.71,AU,1595197038
Petropavlovsk-Kamchatskiy,53.05,158.65,62.6,72,27,4.47,RU,1595197038
Hamilton,39.18,-84.53,73.4,100,75,26.4,US,1595196740
‘Ewa Beach,21.32,-158.01,89.6,49,40,10.29,US,1595197039
Mitsamiouli,-11.38,43.28,76.57,68,65,8.43,KM,1595197039
Saskylakh,71.92,114.08,54.72,72,47,10.27,RU,1595197039
Santa Maria,-29.68,-53.81,78.8,57,56,3.36,BR,1595197039
Carnarvon,-24.87,113.63,48.2,87,0,8.05,AU,1595197039
Tateyama,34.98,139.87,78.01,100,75,1.12,JP,1595197039
Cutervo,-6.38,-78.82,59.72,72,27,6.44,PE,1595197040
Vila Velha,-20.33,-40.29,69.8,94,75,3.36,BR,1595196760
Cidreira,-30.18,-50.21,66.42,77,66,10.36,BR,1595197040
Ponta do Sol,32.67,-17.1,71.6,64,20,6.93,PT,1595196566
Tolaga Bay,-38.37,178.3,56.07,89,99,12.41,NZ,1595197040
Itarema,-2.92,-39.92,77.56,76,44,13.42,BR,1595197040
Yako,12.97,-2.27,85.23,57,44,10.0,BF,1595197040
Longyearbyen,78.22,15.64,44.6,87,75,11.41,SJ,1595197041
Makat,47.65,53.35,85.12,28,0,7.23,KZ,1595197041
Tashla,51.77,52.74,64.4,82,0,5.08,RU,1595197041
Touros,-5.2,-35.46,77.0,88,40,4.7,BR,1595197041
Djibo,14.1,-1.63,92.46,40,88,4.29,BF,1595197041
Faanui,-16.48,-151.75,77.14,83,64,20.47,PF,1595197041
Talnakh,69.49,88.4,46.4,87,95,13.42,RU,1595196883
Kavieng,-2.57,150.8,82.35,75,34,8.12,PG,1595197042
Port Macquarie,-31.43,152.92,48.99,98,0,6.55,AU,1595197042
Hobyo,5.35,48.53,77.22,73,80,24.38,SO,1595197042
Abu Samrah,35.3,37.18,74.07,41,0,3.87,SY,1595197042
Denpasar,-8.65,115.22,78.8,100,75,13.87,ID,1595196837
Três Passos,-27.46,-53.93,71.01,87,0,7.25,BR,1595197042
Roald,62.58,6.13,53.6,87,12,6.93,NO,1595197043
Kahului,20.89,-156.47,87.8,55,20,27.51,US,1595197043
Meulaboh,4.14,96.13,78.15,86,96,4.74,ID,1595197043
Aberystwyth,52.42,-4.08,46.0,92,0,3.78,GB,1595197043
Labuhan,-6.88,112.21,76.08,84,9,9.89,ID,1595197043
Texarkana,33.43,-94.05,93.2,46,1,5.82,US,1595197043
Grindavik,63.84,-22.43,48.2,87,75,5.82,IS,1595196751
Ahipara,-35.17,173.17,60.66,83,71,5.99,NZ,1595197043
Mitchell,43.71,-98.03,78.8,54,75,4.7,US,1595197044
Chernyshevskiy,63.01,112.47,55.04,76,100,2.73,RU,1595197044
Clyde River,70.47,-68.59,46.4,81,90,9.17,CA,1595197044
Karasburg,-28.02,18.75,59.9,28,0,10.94,NA,1595197044
Mnogovershinnyy,53.94,139.92,62.08,87,62,2.1,RU,1595197044
Kyren,51.68,102.14,46.69,78,14,0.63,RU,1595197044
Izumo,35.37,132.77,80.6,83,75,5.82,JP,1595197045
Sembabule,-0.08,31.46,61.59,68,46,3.04,UG,1595197045
Baoying,33.23,119.31,69.93,95,43,4.5,CN,1595197045
Mount Isa,-20.73,139.5,60.8,19,29,6.93,AU,1595197045
Aripuanã,-9.17,-60.63,85.12,45,42,2.26,BR,1595197045
São Miguel do Araguaia,-13.28,-50.16,75.56,42,4,3.8,BR,1595197045
Kibala,9.11,18.35,73.4,94,20,3.56,TD,1595197045
Formosa,-26.18,-58.18,86.0,42,99,11.41,AR,1595196777
Marsá Maţrūḩ,31.35,27.25,77.0,73,20,7.18,EG,1595196842
Beni,0.5,29.47,60.48,97,4,0.47,CD,1595197046
Manzanillo,20.34,-77.12,82.36,78,97,2.66,CU,1595197046
Praia da Vitória,38.73,-27.07,71.6,78,75,7.38,PT,1595197046
Kumbo,6.2,10.67,59.61,95,92,3.56,CM,1595197046
Djambala,-2.54,14.75,75.42,48,59,1.54,CG,1595197046
Ilulissat,69.22,-51.1,53.6,46,95,2.24,GL,1595197046
Homer,59.64,-151.55,57.2,93,90,4.63,US,1595197046
Cairns,-16.92,145.77,62.6,77,2,12.75,AU,1595197037
Abancay,-13.63,-72.88,67.08,39,98,5.84,PE,1595197046
Cap Malheureux,-19.98,57.61,68.0,70,33,7.0,MU,1595197047
Saldanha,-33.01,17.94,48.2,87,0,3.36,ZA,1595197047
Boyuibe,-20.42,-63.28,77.7,52,40,8.48,BO,1595197047
Gizo Government Station,-8.1,156.84,81.41,75,14,4.68,SB,1595197047
Prince Rupert,54.32,-130.32,63.88,71,62,5.88,CA,1595196981
Iberia,29.95,-91.75,84.99,83,1,8.05,US,1595197047
Bontang,0.13,117.5,76.8,88,8,5.53,ID,1595197047
San Cristobal,7.77,-72.22,96.8,30,20,16.11,VE,1595196854
Sotik Post,-0.78,35.34,51.28,88,41,3.06,KE,1595197048
Salinas,36.68,-121.66,71.01,60,1,14.99,US,1595197048
Nome,64.5,-165.41,57.2,62,75,9.17,US,1595197048
Loudi,27.73,111.99,71.15,93,97,1.36,CN,1595197048
Saint George,37.1,-113.58,107.01,7,1,12.75,US,1595197048
Tilichiki,60.47,166.1,51.67,95,100,8.63,RU,1595197048
Lagoa,39.05,-27.98,69.33,77,11,6.08,PT,1595197048
Port-Cartier,50.03,-66.87,73.4,64,40,14.99,CA,1595196936
Mount Gambier,-37.83,140.77,44.6,93,48,5.82,AU,1595197049
Coyhaique,-45.58,-72.07,33.8,89,90,3.65,CL,1595196951
Lukovetskiy,64.3,41.92,53.6,100,0,4.47,RU,1595197049
Tuktoyaktuk,69.45,-133.04,44.6,81,75,3.36,CA,1595197049
Tasiilaq,65.61,-37.64,50.0,76,0,9.17,GL,1595197049
Sakakah,29.97,40.21,93.2,9,0,11.41,SA,1595197049
Nabire,-3.37,135.48,76.37,81,41,3.0,ID,1595197050
Narsaq,60.92,-46.05,60.8,38,16,6.93,GL,1595197050
İmamoğlu,37.27,35.66,82.0,88,20,2.24,TR,1595197050
Port Hardy,50.7,-127.42,68.0,64,20,19.46,CA,1595196787
Iranshahr,27.2,60.68,95.0,39,23,16.11,IR,1595197050
Moindou,-21.69,165.68,64.4,88,75,3.36,NC,1595197050
Norman Wells,65.28,-126.83,62.6,63,75,5.82,CA,1595197050
Kamaishi,39.27,141.88,68.52,89,87,1.05,JP,1595196806
Rawson,-43.3,-65.1,45.54,82,100,14.74,AR,1595197051
Marawi,8.0,124.29,73.99,91,88,4.0,PH,1595197051
Caravelas,-17.71,-39.25,71.91,82,91,7.65,BR,1595197051
Svetlaya,46.54,138.33,62.29,81,98,4.34,RU,1595197051
Ponta Delgada,37.73,-25.67,68.0,72,75,9.17,PT,1595197051
Chui,-33.7,-53.46,65.71,86,94,7.23,UY,1595197051
Quthing,-30.4,27.7,41.5,52,0,1.16,LS,1595197051
Bintulu,3.17,113.03,77.0,94,40,3.36,MY,1595197051
Samarai,-10.62,150.67,76.05,86,100,15.39,PG,1595197051
Guibéroua,6.24,-6.17,72.27,94,100,5.5,CI,1595197052
Dingle,11.0,122.67,75.83,88,73,3.91,PH,1595197052
Sarangani,5.4,125.46,83.82,68,45,3.74,PH,1595197052
Khovd,48.01,91.64,62.49,65,24,0.43,MN,1595197052
Kandrian,-6.22,149.55,79.02,87,43,9.06,PG,1595197052
Bambous Virieux,-20.34,57.76,68.0,77,75,14.99,MU,1595197052
Tiksi,71.69,128.87,60.64,64,20,9.46,RU,1595197052
Karatau,43.17,70.47,79.02,16,28,7.54,KZ,1595197052
Caconda,-13.73,15.07,49.66,48,0,6.08,AO,1595197053
Kalevala,65.2,31.17,63.18,76,8,1.83,RU,1595197053
Banda Aceh,5.56,95.32,79.48,79,96,4.81,ID,1595197053
Dalmau,26.07,81.03,89.38,61,93,8.57,IN,1595197053
Biloela,-24.42,150.5,59.23,54,0,1.14,AU,1595197053
Borzya,50.38,116.52,49.48,88,12,8.95,RU,1595197053
Oudtshoorn,-33.59,22.2,46.4,100,0,5.82,ZA,1595197053
Ţaga,46.95,24.05,63.0,93,75,4.7,RO,1595197053
Husavik,66.04,-17.34,48.2,76,40,10.29,IS,1595197053
Sulangan,11.14,123.72,83.46,73,89,6.53,PH,1595197054
Victor Harbor,-35.57,138.62,48.0,88,59,7.94,AU,1595197054
Batagay,67.63,134.63,66.79,69,73,2.93,RU,1595197054
Whitianga,-36.83,175.7,59.5,87,56,15.5,NZ,1595197054
Boende,-0.22,20.87,72.21,79,67,1.07,CD,1595197054
Naryan-Mar,67.67,53.09,53.42,77,26,7.49,RU,1595197054
Novouzensk,50.46,48.14,66.04,63,0,7.99,RU,1595197054
Yaan,7.38,8.57,72.23,97,87,6.64,NG,1595197055
Ararat,39.83,44.7,84.2,39,0,9.17,AM,1595197055
Puerto Escondido,15.85,-97.07,87.8,62,40,8.05,MX,1595197055
Adrar,20.5,-10.07,97.45,19,35,7.54,MR,1595197055
Kalmunai,7.42,81.82,80.33,80,91,5.55,LK,1595197055
Acaraú,-2.89,-40.12,77.61,76,42,14.14,BR,1595197055
Sitka,57.05,-135.33,55.4,100,90,8.05,US,1595197055
Moshenskoye,58.51,34.59,56.25,64,95,2.17,RU,1595197055
Waldoboro,44.1,-69.38,80.01,80,63,1.99,US,1595197056
Te Anau,-45.42,167.72,43.81,86,100,1.34,NZ,1595197056
Evensk,61.95,159.23,60.71,70,86,20.29,RU,1595197056
Xudat,41.63,48.68,79.16,63,0,3.58,AZ,1595197056
San Angelo,31.46,-100.44,96.8,26,1,12.75,US,1595197056
Baykit,61.67,96.37,47.61,79,4,2.08,RU,1595197056
Sørland,67.67,12.69,55.13,86,61,12.59,NO,1595197056
Novaya Igirma,57.13,103.91,45.48,89,15,1.97,RU,1595197056
Jardim,-21.48,-56.14,76.08,42,0,4.32,BR,1595197057
Toropets,56.5,31.64,58.42,92,100,3.4,RU,1595196969
Novoagansk,61.94,76.66,58.32,85,75,10.98,RU,1595197057
Erbach im Odenwald,49.66,9.0,62.01,85,51,1.99,DE,1595197057
Aranos,-24.13,19.12,51.67,40,0,12.35,NA,1595197057
Kasongo-Lunda,-6.47,16.82,68.9,35,45,1.19,CD,1595197057
Floreşti,47.89,28.3,65.01,80,86,3.65,MD,1595197057
Geraldton,-28.77,114.6,48.2,87,0,9.17,AU,1595197057
Severo-Kuril'sk,50.68,156.12,51.24,89,100,10.18,RU,1595197058
Wuwei,37.93,102.64,64.0,54,96,3.83,CN,1595197058
Ancud,-41.87,-73.82,50.0,100,20,6.93,CL,1595197058
Carutapera,-1.2,-46.02,76.89,83,97,6.98,BR,1595197058
Sabang,5.89,95.32,83.07,75,99,6.93,ID,1595197058
Forsytheganj,52.63,29.73,58.17,87,5,3.6,BY,1595197058
Kidal,18.44,1.41,89.8,34,49,8.19,ML,1595197058
Waingapu,-9.66,120.26,73.29,84,10,9.31,ID,1595197058
Auki,-8.77,160.7,82.18,70,15,3.6,SB,1595197058
Eden Prairie,44.85,-93.47,82.4,39,1,13.87,US,1595197059
Skjervøy,70.03,20.97,52.72,83,100,4.25,NO,1595197059
Lorengau,-2.02,147.27,82.81,72,70,8.23,PG,1595197059
Ayagoz,47.97,80.44,69.21,52,87,6.08,KZ,1595197059
Wahiawā,21.5,-158.02,89.6,61,20,14.99,US,1595197059
Huilong,31.81,121.66,80.01,89,100,3.58,CN,1595197059
Turinsk,58.05,63.7,62.46,94,100,3.87,RU,1595197059
Frontera,26.93,-101.45,86.0,55,40,6.93,MX,1595197059
La Paz,-16.5,-68.15,60.8,12,4,9.17,BO,1595197045
Pacifica,37.61,-122.49,72.0,53,20,21.92,US,1595197060
Arlit,18.74,7.39,91.45,32,84,13.71,NE,1595196829
San Juan,-31.54,-68.54,60.71,38,23,7.58,AR,1595196885
Arrondissement de Saint-Denis,48.92,2.33,71.01,56,67,9.17,FR,1595197060
Rehau,50.25,12.03,64.99,68,100,1.99,DE,1595197060
Murgab,37.5,61.97,80.6,36,0,7.76,TM,1595197061
Pucara,-15.98,-71.46,62.6,20,46,8.05,PE,1595197061
Calvinia,-31.47,19.78,53.01,39,0,6.91,ZA,1595197061
Arraial do Cabo,-22.97,-42.03,71.6,83,0,16.11,BR,1595197061
Laguna,38.42,-121.42,91.99,29,1,14.99,US,1595197061
Lavrentiya,65.58,-171.0,51.13,58,59,12.73,RU,1595197061
Pangnirtung,66.15,-65.71,60.73,50,100,3.02,CA,1595197061
Halifax,44.65,-63.57,69.01,92,100,7.38,CA,1595196783
Hirara,24.8,125.28,84.2,83,40,6.93,JP,1595197062
College,64.86,-147.8,68.0,56,75,3.36,US,1595197062
Djibouti,11.5,42.5,96.8,34,20,3.36,DJ,1595197062
Curillo,1.03,-75.92,79.3,83,33,3.91,CO,1595197062
Aden,12.78,45.04,85.91,70,61,24.14,YE,1595197021
Shingū,33.73,135.98,76.98,81,100,4.03,JP,1595197062
Ossora,59.24,163.07,52.48,88,96,13.89,RU,1595197062
Iquique,-20.22,-70.14,60.8,67,75,8.05,CL,1595197063
Aklavik,68.22,-135.01,50.0,66,75,3.04,CA,1595197063
Kudahuvadhoo,2.67,72.89,83.05,77,100,22.91,MV,1595197063
Tezu,27.92,96.17,74.55,86,100,4.63,IN,1595197063
Krasnorechenskiy,44.63,135.35,64.08,66,100,3.38,RU,1595197063
Dryden,49.78,-92.75,57.2,82,90,10.29,CA,1595197063
Alghero,40.56,8.32,69.8,88,0,1.12,IT,1595197063
Tevaitoa,-16.78,-151.5,77.58,81,83,20.13,PF,1595197064
Souillac,-20.52,57.52,68.0,77,75,14.99,MU,1595197064
Ust-Tsilma,65.44,52.15,50.94,90,0,2.37,RU,1595197064
Puri,19.8,85.85,84.2,89,75,11.41,IN,1595196785
Jiuquan,39.74,98.52,69.26,23,98,3.02,CN,1595197064
Nuuk,64.18,-51.72,60.8,36,67,4.7,GL,1595197064
Barabinsk,55.36,78.36,66.36,87,77,7.14,RU,1595197064
Flin Flon,54.77,-101.86,73.4,40,20,3.36,CA,1595196785
Tautira,-17.73,-149.15,80.6,65,75,6.93,PF,1595197065
Sorong,-0.88,131.25,77.25,89,71,7.02,ID,1595197065
Umm Kaddadah,13.6,26.69,81.95,59,85,15.01,SD,1595197065
Salalah,17.02,54.09,80.6,88,75,4.7,OM,1595197065
Morondava,-20.28,44.28,69.48,56,0,11.5,MG,1595197065
Maningrida,-12.07,134.27,62.85,92,10,8.3,AU,1595197065
Hastings,50.86,0.57,57.0,99,72,1.01,GB,1595197065
Dhidhdhoo,6.88,73.1,80.56,84,100,24.25,MV,1595197065
Mana,5.66,-53.78,79.72,81,84,9.33,GF,1595197066
Marieville,45.43,-73.17,88.0,60,57,1.99,CA,1595197066
Cururupu,-1.83,-44.87,75.83,84,71,3.47,BR,1595197066
Yenagoa,4.92,6.26,73.8,96,100,2.46,NG,1595197066
Jumla,29.27,82.18,63.03,68,96,2.48,NP,1595197066
Takoradze,4.88,-1.76,75.29,90,7,7.29,GH,1595197004
Otradnoye,59.78,30.82,64.4,72,1,2.24,RU,1595197066
Mareeba,-17.0,145.43,62.6,77,6,12.75,AU,1595196778
La Rioja,42.25,-2.5,80.6,54,0,4.7,ES,1595197067
Bengkulu,-3.8,102.27,75.72,91,42,5.39,ID,1595197067
Nurota,40.56,65.69,80.6,24,0,4.7,UZ,1595197067
Ha Tinh,18.33,105.9,79.02,81,100,4.09,VN,1595197067
Shubarshi,48.59,57.19,76.33,40,0,6.55,KZ,1595197067
Road Town,18.42,-64.62,87.8,62,20,13.87,VG,1595197067
Kigoma,-4.88,29.63,66.2,77,0,3.51,TZ,1595197067
Montreal,45.51,-73.59,88.0,58,90,17.22,CA,1595196889
Gamba,-2.65,10.0,72.64,84,71,5.66,GA,1595197068
Zapolyarnyy,69.42,30.81,60.8,87,75,4.7,RU,1595197068
Lukulu,-14.37,23.24,55.36,55,0,8.03,ZM,1595197068
Gouré,13.98,10.27,87.98,40,19,9.17,NE,1595197068
Batemans Bay,-35.72,150.18,39.0,77,0,1.01,AU,1595197068
Laives,46.42,11.33,73.4,53,40,3.36,IT,1595197069
Santa Cruz de la Sierra,-17.8,-63.17,84.2,65,20,16.11,BO,1595197069
Hambantota,6.12,81.12,77.0,100,75,4.7,LK,1595197069
Province of Mantua,45.17,10.78,72.0,65,0,1.99,IT,1595197069
Almuñécar,36.73,-3.69,75.99,86,1,1.34,ES,1595197069
Anadyr,64.75,177.48,53.6,58,0,6.71,RU,1595197069
Dhārchula,29.85,80.53,69.13,74,61,0.76,IN,1595197069
Dunedin,-45.87,170.5,46.0,78,58,5.99,NZ,1595196849
Guerrero Negro,27.98,-114.06,78.73,59,4,17.07,MX,1595196855
Fort-Shevchenko,44.51,50.26,84.63,46,0,14.09,KZ,1595197070
Turkmenabat,39.07,63.58,87.8,23,0,9.17,TM,1595197070
Muros,42.78,-9.06,66.99,82,1,8.99,ES,1595197070
Esperance,-33.87,121.9,48.2,87,90,4.7,AU,1595197070
Mugur-Aksy,50.35,90.5,51.13,72,1,2.66,RU,1595197070
Kolokani,13.57,-8.03,76.53,81,100,6.82,ML,1595197070
Tura,25.52,90.22,74.66,99,99,6.78,IN,1595197071
Benguela,-12.58,13.41,68.92,71,0,5.35,AO,1595197071
Kiryat Gat,31.61,34.76,80.01,67,0,2.46,IL,1595197023
Bethel,41.37,-73.41,90.0,55,1,12.75,US,1595197071
Kamiiso,41.82,140.65,69.8,94,75,1.12,JP,1595197071
Burē,10.7,37.07,53.49,93,83,2.01,ET,1595197072
Pumiao,22.75,108.48,84.2,79,100,4.47,CN,1595197072
Tromsø,69.65,18.96,51.8,87,75,5.82,NO,1595197072
Teguise,29.06,-13.56,80.6,47,0,26.4,ES,1595197072
Nāthdwāra,24.93,73.82,79.77,78,100,10.33,IN,1595197072
Zhigansk,66.77,123.37,61.57,66,99,4.79,RU,1595197072
Copacabana,6.35,-75.51,84.2,32,40,9.17,CO,1595197072
Skibotn,69.39,20.27,51.8,87,75,5.82,NO,1595197073
Chupa,66.27,33.05,63.7,79,32,3.38,RU,1595197073
Tuatapere,-46.13,167.68,39.0,83,94,3.0,NZ,1595196866
Amberley,39.2,-84.43,91.4,100,75,26.4,US,1595197073
Nouadhibou,20.93,-17.03,71.6,88,10,11.41,MR,1595197073
Emmett,43.87,-116.5,91.0,16,0,4.0,US,1595197073
Igrim,63.19,64.42,50.59,76,0,9.51,RU,1595197073
Kendari,-3.94,122.5,72.54,94,31,2.44,ID,1595197073
Ubari,26.59,12.78,91.35,21,34,15.5,LY,1595197074
Kasamwa,-2.85,32.43,65.17,48,60,4.14,TZ,1595197074
Mandan,46.83,-100.89,82.4,39,1,14.99,US,1595197074
Brazzaville,-4.27,15.28,73.4,83,0,3.36,CG,1595197074
Yumen,40.28,97.2,75.6,19,93,8.57,CN,1595197074
Vanavara,60.34,102.28,46.29,89,14,1.7,RU,1595197074
Mayumba,-3.43,10.66,70.84,90,38,4.23,GA,1595197074
The Pas,53.83,-101.25,71.6,40,1,6.93,CA,1595197074
Gbadolite,4.28,21.02,70.0,96,100,2.53,CD,1595197074
Krasnosel'kup,65.7,82.47,52.65,77,100,10.42,RU,1595197075
Manacapuru,-3.3,-60.62,87.8,52,20,10.29,BR,1595197075
Teotitlán,18.13,-97.08,84.58,45,31,8.81,MX,1595197075
São Gabriel da Cachoeira,-0.13,-67.09,78.19,95,82,1.95,BR,1595196850
Puerto Nariño,-3.77,-70.38,82.4,94,75,3.31,CO,1595197075
Kumertau,52.77,55.78,61.86,93,0,6.2,RU,1595197075
Santa Maria da Vitória,-13.39,-44.19,73.69,48,87,5.77,BR,1595196819
Teacapan,22.55,-105.75,88.72,60,0,10.45,MX,1595197076
Felanitx,39.47,3.15,75.2,78,0,3.36,ES,1595197076
Dergachi,51.23,48.77,63.91,73,0,5.46,RU,1595197076
Watsa,3.04,29.54,64.04,100,100,1.12,CD,1595197076
Leningradskiy,69.38,178.42,39.85,73,55,6.85,RU,1595197076
Palenque/Temp,17.52,-91.97,86.65,76,30,3.53,MX,1595197076
Vestmannaeyjar,63.44,-20.27,49.8,79,43,14.72,IS,1595197076
Paracuru,-3.41,-39.03,80.01,75,10,13.0,BR,1595197076
Sandwick,60.0,-1.25,50.0,87,15,4.7,GB,1595197076
Mackenzie,55.3,-123.17,68.0,49,75,3.36,CA,1595197077
Acarí,-15.43,-74.62,67.33,54,73,6.02,PE,1595197077
Amapá,1.0,-52.0,73.67,95,80,1.66,BR,1595197077
Diplo,24.47,69.58,86.22,72,74,20.27,PK,1595197077
Kargasok,59.06,80.86,61.93,92,57,7.47,RU,1595197077
Ghanzi,-21.57,21.78,48.78,47,0,6.13,BW,1595197077
Sangar,63.92,127.47,68.83,64,95,9.55,RU,1595197077
Mitú,1.2,-70.17,78.22,94,73,1.61,CO,1595197008
Magistral'nyy,56.17,107.45,47.43,78,99,2.95,RU,1595197078
Shawnee,39.05,-95.77,87.8,66,20,17.22,US,1595197078
Shitanjing,39.23,106.34,69.71,29,58,7.63,CN,1595197078
Vila Franca do Campo,37.72,-25.43,68.0,72,75,9.17,PT,1595197078
Itoman,26.12,127.67,82.4,88,20,5.82,JP,1595197078
Haines Junction,60.75,-137.51,65.91,44,100,8.95,CA,1595197078
Tabuk,17.42,121.44,73.15,85,1,3.83,PH,1595197079
Karoi,-16.81,29.69,50.25,79,0,6.73,ZW,1595197079
Chase,50.82,-119.69,84.2,32,75,9.17,CA,1595197079
Andenes,69.31,16.12,53.6,81,92,3.36,NO,1595197079
Chokwé,-24.53,32.98,58.44,88,0,3.24,MZ,1595197079
Sept-Îles,50.2,-66.38,73.4,64,40,14.99,CA,1595197026
Praia,14.92,-23.51,78.8,78,40,10.29,CV,1595197079
Chicama,-7.84,-79.15,67.42,65,9,8.79,PE,1595197079
Gogrial,8.53,28.1,69.69,96,100,6.49,SS,1595197079
Morris,40.83,-74.53,95.0,47,40,8.05,US,1595196917
Gwadar,25.12,62.33,84.9,85,57,5.75,PK,1595197080
Sioux Lookout,50.1,-91.92,53.6,93,90,14.99,CA,1595196828
Zuwārah,32.93,12.08,74.82,78,0,9.31,LY,1595197080
Poum,-20.23,164.02,71.4,66,32,11.79,NC,1595197080
Sur,22.57,59.53,85.62,76,70,13.04,OM,1595197080
Hervey Bay,-25.3,152.85,55.99,92,0,5.99,AU,1595196855
Saint-Louis,16.33,-15.0,93.2,49,68,14.72,SN,1595197080
City of San Pedro,14.35,121.02,80.6,78,95,6.93,PH,1595197081
Camocim,-2.9,-40.84,79.34,69,25,14.23,BR,1595197081
Tongren,27.72,109.19,67.53,89,63,1.45,CN,1595197081
Khilok,51.37,110.47,45.19,77,28,7.76,RU,1595197081
Valley,45.13,-116.13,80.6,19,1,9.17,US,1595197081
Oriximiná,-1.77,-55.87,82.65,58,19,3.42,BR,1595197081
Takāb,36.4,47.11,74.62,35,55,6.98,IR,1595197081
Bilibino,68.05,166.44,65.68,43,0,0.76,RU,1595197082
Yar-Sale,66.83,70.83,46.6,86,0,8.41,RU,1595197082
Kalakamati,-20.59,27.31,52.05,45,0,12.35,BW,1595197082
Mosquera,4.71,-74.23,64.4,55,40,13.87,CO,1595196962
Raja,8.46,25.68,67.66,94,100,3.78,SS,1595197082
Gloversville,43.05,-74.34,90.0,66,1,8.05,US,1595197082
Itaituba,-4.28,-55.98,93.2,41,20,5.82,BR,1595197082
Sabha,27.04,14.43,89.74,24,19,22.21,LY,1595196817
Cabo San Lucas,22.89,-109.91,93.2,33,20,21.92,MX,1595197038
Montrose,38.42,-108.27,91.4,15,1,9.17,US,1595197083
Bonthe,7.53,-12.51,76.68,88,100,8.97,SL,1595196809
Vyartsilya,62.18,30.69,61.86,70,71,1.68,RU,1595197083
Atasū,48.68,71.64,69.53,51,46,9.64,KZ,1595197083
Hofn,64.25,-15.21,55.54,57,39,9.22,IS,1595197083
Srīvardhan,18.03,73.02,80.22,85,100,2.1,IN,1595197083
Natal,-5.79,-35.21,78.8,83,40,9.17,BR,1595197083
Rāvar,31.27,56.81,76.01,18,0,3.13,IR,1595197084
Jati,24.35,68.27,85.75,75,95,19.3,PK,1595197084
Chiredzi,-21.05,31.67,57.54,61,0,4.7,ZW,1595197084
Surin,14.88,103.49,81.0,99,98,5.28,TH,1595197084
Carauari,-4.88,-66.9,80.11,84,51,2.13,BR,1595197084
Strezhevoy,60.73,77.59,62.6,88,75,8.95,RU,1595197084
Jacobina,-11.18,-40.52,65.95,87,32,8.41,BR,1595197084
Nantucket,41.28,-70.1,71.6,94,90,10.29,US,1595197085
Sola,-13.88,167.55,78.8,83,90,6.93,VU,1595197085
Padang,-0.95,100.35,73.4,94,40,2.24,ID,1595197085
Yamada,39.47,141.95,68.59,90,87,1.45,JP,1595197085
Santiago del Estero,-27.8,-64.26,75.58,55,6,1.36,AR,1595197085
Garoua,9.3,13.4,76.57,82,51,5.55,CM,1595197085
Kimbe,-5.55,150.14,79.3,80,4,3.42,PG,1595197085
Babylon,40.7,-73.33,86.0,66,1,12.75,US,1595197085
North Bend,43.41,-124.22,75.99,77,1,26.4,US,1595197086
Shimoda,34.67,138.95,77.0,94,75,1.12,JP,1595197086
Vardø,70.37,31.11,57.2,100,75,2.24,NO,1595197086
Bilma,18.69,12.92,94.41,16,27,8.25,NE,1595197086
Monaghan,54.25,-6.97,54.0,76,0,2.24,IE,1595197086
Kloulklubed,7.04,134.26,77.0,94,75,7.36,PW,1595197086
Codrington,-38.27,141.97,50.56,79,64,12.95,AU,1595197086
Chadiza,-14.07,32.44,52.61,87,0,5.57,ZM,1595197086
Middleton,53.55,-2.2,55.0,75,43,1.99,GB,1595197087
Livingston,55.9,-3.52,54.0,81,21,9.17,GB,1595197087
Kavaratti,10.57,72.64,81.3,80,100,14.56,IN,1595197087
Witu,-2.39,40.44,75.15,73,92,14.74,KE,1595197087
Port Maria,18.37,-76.89,84.0,82,46,7.0,JM,1595197087
Pathein,16.78,94.73,78.49,89,100,2.98,MM,1595197087
Anshun,26.25,105.93,64.71,96,99,3.11,CN,1595197087
Zyryanskoye,56.83,86.63,57.92,88,84,6.38,RU,1595197088
Fairbanks,64.84,-147.72,69.01,60,90,3.36,US,1595197088
Puerto del Rosario,28.5,-13.86,84.2,37,0,16.11,ES,1595197088
Simbahan,6.3,120.58,83.19,75,97,8.32,PH,1595197088
Saint Anthony,45.02,-93.22,82.99,37,20,16.11,US,1595197088
Kuliyapitiya,7.47,80.04,80.6,100,75,3.36,LK,1595197088
Avera,33.19,-82.53,96.8,39,1,4.7,US,1595197088
Joniškis,56.24,23.62,66.2,68,94,4.7,LT,1595197089
Rocha,-34.48,-54.33,65.79,91,94,4.59,UY,1595197089
Casablanca,33.59,-7.62,75.0,94,0,6.93,MA,1595196796
Okhotsk,59.38,143.3,58.95,84,96,5.77,RU,1595197089
Portmore,17.97,-76.87,86.0,70,75,18.34,JM,1595197089
Luwuk,-0.95,122.79,77.4,78,58,5.86,ID,1595197089
Nemuro,43.32,145.57,59.99,94,56,1.88,JP,1595197089
Serra Branca,-6.53,-38.27,77.36,44,27,4.09,BR,1595196810
Scarborough,54.28,-0.4,55.0,72,76,12.15,GB,1595197090
